image: hall.pgm
resolution: 0.050000
origin: [-45.000000, -65.800000, 0.000000]
negate: 0
occupied_thresh: 0.65
free_thresh: 0.196

